


























01000009000000000000000000000000000000000000000000000000000000000000000000


01000000000000000000000000000000000000000000000000000000000000000000000000

01000000000000000000000000000000000000000000000000000000000000000000000000











0100000f000000000000000000000000000000000000000000000000000000000000000000

01000000000000000000000000000000000000000000000000000000000000000000000000

01000000000000000000000000000000000000000000000000000000000000000000000000

01000004000000000000000000000000000000000000000000000000000000000000000000

01000000000000000000000000000000000000000000000000000000000000000000000000

01000000000000000000000000000000000000000000000000000000000000000000000000

0100000a000000000000000000000000000000000000000000000000000000000000000000

01000000000000000000000000000000000000000000000000000000000000000000000000

01000000000000000000000000000000000000000000000000000000000000000000000000





01200000000000000000000000000000000000000000000000000000000000000000000000

0120002f000000000000000000000000000000000000000000000000000000000000000000

01200000000000000000000000000000000000000000000000000000000000000000000000

01000000000000000000000000000000000000000000000000000000000000000000000000

01000000000000000000000000000000000000000000000000000000000000000000000000



0100000e000000000000000000000000000000000000000000000000000000000000000000

01000000000000000000000000000000000000000000000000000000000000000000000000

01000000000000000000000000000000000000000000000000000000000000000000000000

01000008000000000000000000000000000000000000000000000000000000000000000000

01000000000000000000000000000000000000000000000000000000000000000000000000

01000000000000000000000000000000000000000000000000000000000000000000000000

0100001c000000000000000000000000000000000000000000000000000000000000000000

01000000000000000000000000000000000000000000000000000000000000000000000000

01000000000000000000000000000000000000000000000000000000000000000000000000





01000005000000000000000000000000000000000000000000000000000000000000000000

01000000000000000000000000000000000000000000000000000000000000000000000000

01000000000000000000000000000000000000000000000000000000000000000000000000

01000012000000000000000000000000000000000000000000000000000000000000000000

01000000000000000000000000000000000000000000000000000000000000000000000000

01000000000000000000000000000000000000000000000000000000000000000000000000

01000004000000000000000000000000000000000000000000000000000000000000000000

01000000000000000000000000000000000000000000000000000000000000000000000000

01000000000000000000000000000000000000000000000000000000000000000000000000



01000015000000000000000000000000000000000000000000000000000000000000000000

01000000000000000000000000000000000000000000000000000000000000000000000000

01000000000000000000000000000000000000000000000000000000000000000000000000

01000007000000000000000000000000000000000000000000000000000000000000000000

01000000000000000000000000000000000000000000000000000000000000000000000000

01000000000000000000000000000000000000000000000000000000000000000000000000



01020000000000000000000000000000000000000000000000000000000000000000000000

0102002d000000000000000000000000000000000000000000000000000000000000000000

01020000000000000000000000000000000000000000000000000000000000000000000000

01000000000000000000000000000000000000000000000000000000000000000000000000

01000000000000000000000000000000000000000000000000000000000000000000000000











01000017000000000000000000000000000000000000000000000000000000000000000000

01000000000000000000000000000000000000000000000000000000000000000000000000

01000000000000000000000000000000000000000000000000000000000000000000000000

01000015000000000000000000000000000000000000000000000000000000000000000000

01000000000000000000000000000000000000000000000000000000000000000000000000

01000000000000000000000000000000000000000000000000000000000000000000000000

01000004000000000000000000000000000000000000000000000000000000000000000000

01000000000000000000000000000000000000000000000000000000000000000000000000

01000000000000000000000000000000000000000000000000000000000000000000000000



01000009000000000000000000000000000000000000000000000000000000000000000000

01000000000000000000000000000000000000000000000000000000000000000000000000

01000000000000000000000000000000000000000000000000000000000000000000000000

01000009000000000000000000000000000000000000000000000000000000000000000000

01000000000000000000000000000000000000000000000000000000000000000000000000

01000000000000000000000000000000000000000000000000000000000000000000000000

0100000c000000000000000000000000000000000000000000000000000000000000000000

01000000000000000000000000000000000000000000000000000000000000000000000000

01000000000000000000000000000000000000000000000000000000000000000000000000

01000006000000000000000000000000000000000000000000000000000000000000000000

01000000000000000000000000000000000000000000000000000000000000000000000000

01000000000000000000000000000000000000000000000000000000000000000000000000





01200000000000000000000000000000000000000000000000000000000000000000000000

01200030000000000000000000000000000000000000000000000000000000000000000000

01200000000000000000000000000000000000000000000000000000000000000000000000

01000000000000000000000000000000000000000000000000000000000000000000000000

01000000000000000000000000000000000000000000000000000000000000000000000000

01000050000000000000000000000000000000000000000000000000000000000000000000

01000000000000000000000000000000000000000000000000000000000000000000000000

01000000000000000000000000000000000000000000000000000000000000000000000000

01000050000000000000000000000000000000000000000000000000000000000000000000

01000000000000000000000000000000000000000000000000000000000000000000000000

01000000000000000000000000000000000000000000000000000000000000000000000000





01000050000000000000000000000000000000000000000000000000000000000000000000

01000000000000000000000000000000000000000000000000000000000000000000000000

01000000000000000000000000000000000000000000000000000000000000000000000000

01000050000000000000000000000000000000000000000000000000000000000000000000

01000000000000000000000000000000000000000000000000000000000000000000000000

01000000000000000000000000000000000000000000000000000000000000000000000000

01000050000000000000000000000000000000000000000000000000000000000000000000

01000000000000000000000000000000000000000000000000000000000000000000000000

01000000000000000000000000000000000000000000000000000000000000000000000000

01000050000000000000000000000000000000000000000000000000000000000000000000

01000000000000000000000000000000000000000000000000000000000000000000000000

01000000000000000000000000000000000000000000000000000000000000000000000000

01000050000000000000000000000000000000000000000000000000000000000000000000

01000000000000000000000000000000000000000000000000000000000000000000000000

01000000000000000000000000000000000000000000000000000000000000000000000000

01000050000000000000000000000000000000000000000000000000000000000000000000

01000000000000000000000000000000000000000000000000000000000000000000000000

01000000000000000000000000000000000000000000000000000000000000000000000000

01000050000000000000000000000000000000000000000000000000000000000000000000

01000000000000000000000000000000000000000000000000000000000000000000000000

01000000000000000000000000000000000000000000000000000000000000000000000000

01000050000000000000000000000000000000000000000000000000000000000000000000

01000000000000000000000000000000000000000000000000000000000000000000000000

01000000000000000000000000000000000000000000000000000000000000000000000000

01000050000000000000000000000000000000000000000000000000000000000000000000

01000000000000000000000000000000000000000000000000000000000000000000000000

01000000000000000000000000000000000000000000000000000000000000000000000000

01000050000000000000000000000000000000000000000000000000000000000000000000

01000000000000000000000000000000000000000000000000000000000000000000000000

01000000000000000000000000000000000000000000000000000000000000000000000000

0100002a000000000000000000000000000000000000000000000000000000000000000000

01000000000000000000000000000000000000000000000000000000000000000000000000

01000000000000000000000000000000000000000000000000000000000000000000000000











01000027000000000000000000000000000000000000000000000000000000000000000000



01000000000000000000000000000000000000000000000000000000000000000000000000

01000000000000000000000000000000000000000000000000000000000000000000000000

















